function velocity = get_velocity_fromPCA_001(pcaScore_ratio, row_num, col_num)

% step_num = 3;
% Para.velocity_variety = linspace(-1,1,step_num);
% vv = Para.velocity_variety;
% 
% [x1, x2, x3, x4, x5, x6, x7, y1, y2, y3, y4, y5, y6, y7] = ...
%     ndgrid(vv, vv, vv, vv, vv, vv, vv, vv, vv, vv, vv, vv, vv, vv);

% target_performance = 10;
% target_vm = Para.velocity_matrix_NaN(Para.performance < target_performance, :);
% target_performance = Para.performance(Para.performance < target_performance);
% target_vm = unique(target_vm, 'rows');

coeff_vm = [
   -0.0086   -0.0090   -0.0056   -0.0226    0.0074    0.0038    0.0240    0.0886   -0.0203    0.2829    0.7558   -0.1204    0.5275    0.2155
   -0.0185   -0.0401    0.0057   -0.1435   -0.1484    0.1446   -0.6204   -0.5396    0.0548   -0.2273   -0.1571   -0.0264    0.3843    0.1749
    0.0070   -0.0341    0.0184   -0.3059   -0.2882    0.1756    0.7072   -0.1731   -0.1409   -0.1526   -0.2538   -0.0190    0.3673    0.1342
    0.0159    0.1118    0.1605    0.8153    0.0836   -0.2329    0.1086   -0.1017   -0.1308    0.0142   -0.2504   -0.0594    0.3513    0.0800
    0.0103   -0.0261   -0.5591   -0.2429    0.5446   -0.3364    0.0017    0.1198    0.0876    0.0626   -0.2916   -0.1213    0.3003    0.0435
    0.0037   -0.0024    0.6910   -0.2199    0.2345    0.1060   -0.1138    0.4393    0.2265    0.0148   -0.2535   -0.1645    0.2418    0.0242
    0.0054   -0.0604   -0.4006    0.2036   -0.5034    0.2855   -0.1758    0.5742    0.1343   -0.0527   -0.1717   -0.1500    0.1610    0.0104
    0.1797    0.1936   -0.0341   -0.0148    0.0983    0.2552   -0.0496   -0.0234   -0.3072    0.2986   -0.1446   -0.3728   -0.3047    0.6441
   -0.4376   -0.4062    0.0650    0.0291   -0.1648   -0.4059    0.0702    0.0193    0.3168   -0.1381    0.0203   -0.0706   -0.1887    0.5299
    0.5430    0.3223   -0.0335    0.0419    0.0616   -0.0551    0.0733    0.0941    0.3620   -0.4508    0.1440    0.3111   -0.0278    0.3532
   -0.5028    0.0535   -0.0642    0.0737    0.3244    0.3781   -0.0325    0.1927   -0.3000   -0.2431    0.0301    0.4973    0.0569    0.2188
    0.3862   -0.4452    0.0876   -0.0987   -0.1525   -0.2610   -0.1562    0.1754   -0.4115    0.2188   -0.1240    0.4810    0.0751    0.1379
   -0.2543    0.5733    0.0101   -0.1347   -0.2766   -0.2002   -0.0440   -0.0139    0.2070    0.4967   -0.1764    0.3727    0.0547    0.0842
    0.1177   -0.3798   -0.0690    0.1886    0.1929    0.4517    0.1360   -0.2139    0.5046    0.4157   -0.0933    0.2414   -0.0049    0.0407
   ];

mu_vm = [
   -0.6403   -0.4071   -0.3197   -0.1978   -0.1182   -0.0505   -0.0381    0.5007    0.0301    0.0975    0.1174    0.1155    0.1007    0.0992
    ];

pcaScore_ratio = reshape(pcaScore_ratio, 1, 7 * 2);

pcaScore_max = sum(abs(coeff_vm),1);
pcaScore = pcaScore_max .* pcaScore_ratio;

velocity = pcaScore * coeff_vm' + mu_vm;
velocity = reshape(velocity, row_num, col_num);

velocity(velocity > 1) = 1;
velocity(velocity < -1) = -1;

end

