function velocity = get_velocity_fromPCA_006(pcaScore_ratio, row_num, col_num)

% step_num = 3;
% Para.velocity_variety = linspace(-1,1,step_num);
% vv = Para.velocity_variety;
% 
% [x1, x2, x3, x4, x5, x6, x7, y1, y2, y3, y4, y5, y6, y7] = ...
%     ndgrid(vv, vv, vv, vv, vv, vv, vv, vv, vv, vv, vv, vv, vv, vv);
% 
% load('Para')
% 
% target_performance = 2;
% target_vm = Para.velocity_matrix_NaN(Para.performance < target_performance, :);
% target_performance = Para.performance(Para.performance < target_performance);
% target_vm = unique(target_vm, 'rows');
% 
% [coeff_vm, score_vm, latent_vm, ~, ~, mu_vm] = pca(target_vm, 'Weights', 1./(1 + target_performance) .^ 2, 'Centered', true);

coeff_vm = [
   -0.0658    0.0754   -0.1555   -0.0714   -0.1494         0         0   -0.0311    0.7071    0.1905   -0.3364   -0.2350    0.3944   -0.2778
   -0.0658    0.0754   -0.1555   -0.0714   -0.1494   -0.0000   -0.0000   -0.0311   -0.7071    0.1905   -0.3364   -0.2350    0.3944   -0.2778
    0.2597   -0.1883    0.1154    0.7546    0.1384   -0.0000    0.0000   -0.1977   -0.0000   -0.1475    0.2341   -0.1429    0.2944   -0.2692
    0.2892   -0.2581    0.3734   -0.6014    0.1881    0.0000   -0.0000    0.0830   -0.0000   -0.1635    0.3201   -0.1534    0.2837   -0.2704
   -0.3573    0.2739    0.0198    0.0092    0.1194   -0.6843    0.1781    0.0805   -0.0000   -0.2326    0.1263    0.3378    0.2572   -0.1607
   -0.3573    0.2739    0.0198    0.0092    0.1194    0.6843   -0.1781    0.0805   -0.0000   -0.2326    0.1263    0.3378    0.2572   -0.1607
    0.0674   -0.0724    0.0206    0.0018   -0.1210   -0.0000   -0.0000   -0.0609    0.0000    0.7756    0.3588    0.4553    0.0639   -0.1727
   -0.2842   -0.5080    0.0946   -0.1003    0.0350   -0.0000   -0.0000   -0.5986   -0.0000   -0.0567   -0.1919    0.2256    0.2738    0.3417
    0.5846    0.5618    0.0481   -0.0779    0.0536   -0.0000   -0.0000   -0.3027   -0.0000   -0.0259   -0.1033    0.1922    0.2718    0.3428
    0.0748   -0.2101    0.2480    0.1766    0.2568    0.0000    0.0000    0.6493    0.0000    0.1694   -0.3306    0.1578    0.3013    0.3411
    0.0001   -0.0770   -0.2837   -0.0094   -0.3346    0.1781    0.6843    0.1578   -0.0000   -0.0952    0.3272   -0.0898    0.2622    0.2893
    0.0001   -0.0770   -0.2837   -0.0094   -0.3346   -0.1781   -0.6843    0.1578   -0.0000   -0.0952    0.3272   -0.0898    0.2622    0.2893
   -0.2205    0.1412   -0.2715   -0.0438    0.6902   -0.0000   -0.0000   -0.0981    0.0000    0.2971    0.2565   -0.3930    0.0810    0.2340
   -0.3217    0.2856    0.7002    0.0959   -0.2955   -0.0000   -0.0000   -0.0668    0.0000    0.1739    0.1383   -0.3562    0.0404    0.2140
   ];

mu_vm = [
   -0.9375   -0.9375   -0.2969    0.6563    0.6406   -0.3594   -0.9375    0.5000    0.2344    0.8750    0.8750    0.8750    0.7969    0.7344
    ];

pcaScore_ratio = reshape(pcaScore_ratio, 1, 7 * 2);

pcaScore_max = sum(abs(coeff_vm),1);
pcaScore = pcaScore_max .* pcaScore_ratio;

velocity = pcaScore * coeff_vm' + mu_vm;
velocity = reshape(velocity, row_num, col_num);

velocity(velocity > 1) = 1;
velocity(velocity < -1) = -1;

end

